/scratch/user/zhoufangtong/.conda/envs/zft/lib/python3.6/site-packages/sklearn/ensemble/weight_boosting.py:29: DeprecationWarning: numpy.core.umath_tests is an internal NumPy module and should not be imported. It will be removed in a future NumPy release.
  from numpy.core.umath_tests import inner1d
(3711, 512) (3711, 512)
(623,) (257,) (52,) (5220,) (5220,) (278,)
SVM: auprc and accuracy rate for the four test sets
0.765526783618791
0.6285987968798701
0.2171255980160322
0.3304653117748226
None None None None
0.6798561151079137 0.6308186195826645 0.2490272373540856 0.23076923076923078
SVM: auprc and accuracy rate for the training set
0.9879317836997341
None 0.946551724137931
SVM-re
[[ 944   84    1   10    5]
 [ 122  908    0    7    7]
 [   0    0 1044    0    0]
 [   9   10    0 1001   24]
 [   0    0    0    0 1044]]
[0.9042145593869731, 0.8697318007662835, 1.0, 0.9588122605363985, 1.0]
0.946551724137931
[[96 26  0  2  3]
 [35 54  0  1  3]
 [ 0  0  2  0  0]
 [ 4  6  0 28  1]
 [ 2  2  0  4  9]]
[0.7559055118110236, 0.5806451612903226, 1.0, 0.717948717948718, 0.5294117647058824]
0.7167822311511893
[[210  78   0   5   3]
 [ 73 128   0   9   1]
 [  0   1   4   0   0]
 [  8  15   0  37   9]
 [ 10   6   0  12  14]]
[0.7094594594594594, 0.6066350710900474, 0.8, 0.5362318840579711, 0.3333333333333333]
0.5971319495881623
[[ 0 73  0  0  0]
 [ 0 64  0  0  0]
 [ 0 49  0  0  0]
 [ 0 55  0  0  0]
 [ 0 16  0  0  0]]
[0.0, 1.0, 0.0, 0.0, 0.0]
0.2
[[ 0 19  0  0  0]
 [ 0 12  0  0  0]
 [ 0 16  0  0  0]
 [ 0  4  0  0  0]
 [ 0  1  0  0  0]]
[0.0, 1.0, 0.0, 0.0, 0.0]
0.2
None None None None None
SVM: auprc and accuracy rate for the four test sets
0.7702505266177809
0.6751607681178795
0.2016084741025795
0.33676901102454
None None None None
0.6834532374100719 0.6468699839486356 0.2490272373540856 0.23076923076923078
SVM: auprc and accuracy rate for the training set
0.9874361097686926
None 0.9457854406130268
SVM-smote
[[ 938   92    1    7    6]
 [ 125  904    0    8    7]
 [   0    0 1044    0    0]
 [   4    4    0 1010   26]
 [   0    2    0    1 1041]]
[0.8984674329501916, 0.8659003831417624, 1.0, 0.9674329501915708, 0.9971264367816092]
0.9457854406130268
[[95 28  0  1  3]
 [34 56  0  1  2]
 [ 0  0  2  0  0]
 [ 4  6  0 27  2]
 [ 2  2  0  3 10]]
[0.7480314960629921, 0.6021505376344086, 1.0, 0.6923076923076923, 0.5882352941176471]
0.7261450040245481
[[210  78   0   2   6]
 [ 66 135   0   8   2]
 [  0   1   4   0   0]
 [  8  13   0  39   9]
 [ 10   6   0  11  15]]
[0.7094594594594594, 0.6398104265402843, 0.8, 0.5652173913043478, 0.35714285714285715]
0.6143260268893898
[[ 0 73  0  0  0]
 [ 0 64  0  0  0]
 [ 0 49  0  0  0]
 [ 0 55  0  0  0]
 [ 0 16  0  0  0]]
[0.0, 1.0, 0.0, 0.0, 0.0]
0.2
[[ 0 19  0  0  0]
 [ 0 12  0  0  0]
 [ 0 16  0  0  0]
 [ 0  4  0  0  0]
 [ 0  1  0  0  0]]
[0.0, 1.0, 0.0, 0.0, 0.0]
0.2
None None None None None
RF: auprc and accuracy rate for the four test sets
0.779360463652021
0.6778411753636862
0.2610779457334809
0.34114687127491605
None None None None
0.60431654676259 0.593900481540931 0.3735408560311284 0.21153846153846154
RF: auprc and accuracy rate for the four training sets
0.8881666640625591
None 0.8239463601532567
RF-re
[[ 691  192    2   57  102]
 [ 268  649    2   66   59]
 [   0    0 1044    0    0]
 [  23   19    0  892  110]
 [   3    9    0    7 1025]]
[0.6618773946360154, 0.6216475095785441, 1.0, 0.8544061302681992, 0.9818007662835249]
0.8239463601532566
[[71 35  0  6 15]
 [26 53  0  4 10]
 [ 0  0  2  0  0]
 [ 2  2  0 30  5]
 [ 1  0  0  4 12]]
[0.5590551181102362, 0.5698924731182796, 1.0, 0.7692307692307693, 0.7058823529411765]
0.7208121426800924
[[197  51   0  17  31]
 [ 74 103   0  14  20]
 [  0   0   5   0   0]
 [  5   4   0  41  19]
 [  2   4   0  12  24]]
[0.6655405405405406, 0.4881516587677725, 1.0, 0.5942028985507246, 0.5714285714285714]
0.6638647338575219
[[14 50  0  8  1]
 [ 2 43  0  8 11]
 [12 33  0  4  0]
 [ 2  4  0 33 16]
 [ 1  1  0  8  6]]
[0.1917808219178082, 0.671875, 0.0, 0.6, 0.375]
0.3677311643835616
[[ 1 16  0  1  1]
 [ 0  9  0  1  2]
 [ 2  9  0  5  0]
 [ 0  0  0  0  4]
 [ 0  0  0  0  1]]
[0.05263157894736842, 0.75, 0.0, 0.0, 1.0]
0.3605263157894737
None None None None None
RF: auprc and accuracy rate for the four test sets
0.7747731173651549
0.6871034813070027
0.2639726033248554
0.30084409231299386
None None None None
0.6258992805755396 0.6035313001605136 0.27626459143968873 0.23076923076923078
RF: auprc and accuracy rate for the four training sets
0.8856442884845382
None 0.8220306513409962
RF-smote
[[ 664  223    2   64   91]
 [ 216  698    2   64   64]
 [   0    0 1043    1    0]
 [  16   17    0  892  119]
 [   4    7    0   39  994]]
[0.6360153256704981, 0.6685823754789272, 0.9990421455938697, 0.8544061302681992, 0.9521072796934866]
0.8220306513409963
[[73 31  0  9 14]
 [28 53  1  4  7]
 [ 0  0  2  0  0]
 [ 2  1  0 34  2]
 [ 1  0  0  4 12]]
[0.5748031496062992, 0.5698924731182796, 1.0, 0.8717948717948718, 0.7058823529411765]
0.7444745694921255
[[196  51   1  25  23]
 [ 63 112   0  18  18]
 [  0   0   5   0   0]
 [  6   4   0  40  19]
 [  4   3   0  12  23]]
[0.6621621621621622, 0.5308056872037915, 1.0, 0.5797101449275363, 0.5476190476190477]
0.6640594083825075
[[ 5 65  0  1  2]
 [ 1 55  0  2  6]
 [12 33  0  4  0]
 [ 1 40  0 11  3]
 [ 0 14  0  2  0]]
[0.0684931506849315, 0.859375, 0.0, 0.2, 0.0]
0.2255736301369863
[[ 0 18  0  0  1]
 [ 0 10  0  1  1]
 [ 2 10  0  3  1]
 [ 0  3  0  1  0]
 [ 0  0  0  0  1]]
[0.0, 0.8333333333333334, 0.0, 0.25, 1.0]
0.4166666666666667
None None None None None
KNN: auprc and accuracy rate for the four test sets
0.7134104073043147
0.6092209025864344
0.19234177128120283
0.248073395398713
None None None None
0.6906474820143885 0.6292134831460674 0.13229571984435798 0.19230769230769232
KNN: auprc and accuracy rate for the four training sets
0.9374462474082665
None 0.8902298850574712
KNN-re
[[ 798  173    5   36   32]
 [ 192  785    2   38   27]
 [   0    0 1044    0    0]
 [  15   16    2  976   35]
 [   0    0    0    0 1044]]
[0.764367816091954, 0.7519157088122606, 1.0, 0.9348659003831418, 1.0]
0.8902298850574712
[[91 27  0  4  5]
 [23 60  0  5  5]
 [ 0  0  2  0  0]
 [ 3  4  0 30  2]
 [ 2  1  0  5  9]]
[0.7165354330708661, 0.6451612903225806, 1.0, 0.7692307692307693, 0.5294117647058824]
0.7320678514660196
[[201  65   1  20   9]
 [ 72 118   0  13   8]
 [  0   0   5   0   0]
 [  5   3   1  43  17]
 [  2   5   0  10  25]]
[0.6790540540540541, 0.5592417061611374, 1.0, 0.6231884057971014, 0.5952380952380952]
0.6913444522500777
[[14 20  0 20 19]
 [18  5  0 28 13]
 [11  0  0 21 17]
 [ 6 37  0 11  1]
 [ 1  9  0  2  4]]
[0.1917808219178082, 0.078125, 0.0, 0.2, 0.25]
0.14398116438356165
[[ 5 11  0  1  2]
 [ 3  2  0  2  5]
 [ 1  2  0  9  4]
 [ 0  2  0  2  0]
 [ 0  0  0  0  1]]
[0.2631578947368421, 0.16666666666666666, 0.0, 0.5, 1.0]
0.38596491228070173
None None None None None
KNN: auprc and accuracy rate for the four test sets
0.6681161887972934
0.5991289739954737
0.18484709608304742
0.25840218932777914
None None None None
0.6906474820143885 0.6468699839486356 0.10894941634241245 0.19230769230769232
KNN: auprc and accuracy rate for the four training sets
0.9406322916757771
None 0.8938697318007662
KNN-smote
[[ 778  192    7   32   35]
 [ 166  811    3   33   31]
 [   0    0 1044    0    0]
 [  10    8    0  999   27]
 [   3    0    0    7 1034]]
[0.7452107279693486, 0.7768199233716475, 1.0, 0.9568965517241379, 0.9904214559386973]
0.8938697318007662
[[89 26  0  7  5]
 [23 60  1  5  4]
 [ 0  0  2  0  0]
 [ 4  2  0 31  2]
 [ 2  2  0  3 10]]
[0.7007874015748031, 0.6451612903225806, 1.0, 0.7948717948717948, 0.5882352941176471]
0.7458111561773652
[[198  68   1  18  11]
 [ 65 124   0  16   6]
 [  0   0   5   0   0]
 [  5   3   0  48  13]
 [  0   3   0  11  28]]
[0.668918918918919, 0.5876777251184834, 1.0, 0.6956521739130435, 0.6666666666666666]
0.7237830969234225
[[12 17  2 21 21]
 [21  5  0 23 15]
 [18  2  1 18 10]
 [ 4 43  0  6  2]
 [ 1  7  0  4  4]]
[0.1643835616438356, 0.078125, 0.02040816326530612, 0.10909090909090909, 0.25]
0.12440152680001018
[[5 8 0 2 4]
 [6 2 0 2 2]
 [1 1 1 9 4]
 [0 3 0 1 0]
 [0 0 0 0 1]]
[0.2631578947368421, 0.16666666666666666, 0.0625, 0.25, 1.0]
0.34846491228070176
None None None None None
