/scratch/user/zhoufangtong/.conda/envs/zft/lib/python3.6/site-packages/sklearn/ensemble/weight_boosting.py:29: DeprecationWarning: numpy.core.umath_tests is an internal NumPy module and should not be imported. It will be removed in a future NumPy release.
  from numpy.core.umath_tests import inner1d
(3711, 512) (3711, 512)
(623,) (257,) (52,) (5340,) (5340,) (278,)
SVM: auprc and accuracy rate for the four test sets
0.6334892025132898
0.5996730724869574
0.2387226236423315
0.338179159812049
None None None None
0.60431654676259 0.42215088282504015 0.2490272373540856 0.23076923076923078
SVM: auprc and accuracy rate for the training set
0.9010991724918629
None 0.7627340823970038
SVM-re
[[ 570  450    3    6   39]
 [ 110  937    1    5   15]
 [   0    0 1068    0    0]
 [  49  327    2  544  146]
 [   8   79    0   27  954]]
[0.5337078651685393, 0.8773408239700374, 1.0, 0.5093632958801498, 0.8932584269662921]
0.7627340823970037
[[46 53  0  1  3]
 [18 94  0  2  0]
 [ 0  1  3  0  0]
 [ 0 13  0 19  4]
 [ 1 10  0  4  6]]
[0.44660194174757284, 0.8245614035087719, 0.75, 0.5277777777777778, 0.2857142857142857]
0.5669310817496817
[[ 58 229   0   1   8]
 [ 36 163   0   4   8]
 [  0   1   4   0   0]
 [  1  37   0  20  11]
 [  0  22   0   2  18]]
[0.19594594594594594, 0.7725118483412322, 0.8, 0.2898550724637681, 0.42857142857142855]
0.497376859064475
[[ 0 73  0  0  0]
 [ 0 64  0  0  0]
 [ 0 49  0  0  0]
 [ 0 55  0  0  0]
 [ 0 16  0  0  0]]
[0.0, 1.0, 0.0, 0.0, 0.0]
0.2
[[ 0 19  0  0  0]
 [ 0 12  0  0  0]
 [ 0 16  0  0  0]
 [ 0  4  0  0  0]
 [ 0  1  0  0  0]]
[0.0, 1.0, 0.0, 0.0, 0.0]
0.2
None None None None None
SVM: auprc and accuracy rate for the four test sets
0.6298327652602937
0.5798388918683794
0.24010585367990517
0.3070560250987511
None None None None
0.6079136690647482 0.4189406099518459 0.2490272373540856 0.23076923076923078
SVM: auprc and accuracy rate for the training set
0.8955888947218729
None 0.753370786516854
SVM-smote
[[ 582  437    3   11   35]
 [ 117  924    1    7   19]
 [   0    6 1062    0    0]
 [  34  286    0  644  104]
 [   9  201    1   46  811]]
[0.5449438202247191, 0.8651685393258427, 0.9943820224719101, 0.602996254681648, 0.7593632958801498]
0.753370786516854
[[49 51  0  1  2]
 [18 93  1  2  0]
 [ 0  1  3  0  0]
 [ 0 15  0 17  4]
 [ 0 10  0  4  7]]
[0.47572815533980584, 0.8157894736842105, 0.75, 0.4722222222222222, 0.3333333333333333]
0.5694146369159144
[[ 59 231   0   0   6]
 [ 37 162   0   5   7]
 [  0   1   4   0   0]
 [  1  39   0  21   8]
 [  0  24   0   3  15]]
[0.19932432432432431, 0.7677725118483413, 0.8, 0.30434782608695654, 0.35714285714285715]
0.4857175038804959
[[ 0 73  0  0  0]
 [ 0 64  0  0  0]
 [ 0 49  0  0  0]
 [ 0 55  0  0  0]
 [ 0 16  0  0  0]]
[0.0, 1.0, 0.0, 0.0, 0.0]
0.2
[[ 0 19  0  0  0]
 [ 0 12  0  0  0]
 [ 0 16  0  0  0]
 [ 0  4  0  0  0]
 [ 0  1  0  0  0]]
[0.0, 1.0, 0.0, 0.0, 0.0]
0.2
None None None None None
KNN: auprc and accuracy rate for the four test sets
0.599258318439863
0.5894006609840058
0.1912746008663014
0.2571836421380032
None None None None
0.5899280575539568 0.6147672552166934 0.1828793774319066 0.23076923076923078
KNN: auprc and accuracy rate for the four training sets
0.9151203294284478
None 0.8541198501872659
KNN-re
[[ 806  153    5   45   59]
 [ 265  696    2   46   59]
 [   0    0 1068    0    0]
 [  25   20    2  956   65]
 [   0    0    0   33 1035]]
[0.7546816479400749, 0.651685393258427, 1.0, 0.8951310861423221, 0.9691011235955056]
0.8541198501872659
[[64 27  1  6  5]
 [41 63  1  7  2]
 [ 1  0  3  0  0]
 [ 2  3  0 26  5]
 [ 1  0  0 12  8]]
[0.6213592233009708, 0.5526315789473685, 0.75, 0.7222222222222222, 0.38095238095238093]
0.6054330810845885
[[205  57   1  15  18]
 [ 73 107   0  13  18]
 [  1   0   4   0   0]
 [  7   4   2  40  16]
 [  3   4   0   8  27]]
[0.6925675675675675, 0.5071090047393365, 0.8, 0.5797101449275363, 0.6428571428571429]
0.6444487720183166
[[19 10  0 20 24]
 [19  3  0 28 14]
 [19  3  0 19  8]
 [13 18  0 22  2]
 [ 2  4  0  7  3]]
[0.2602739726027397, 0.046875, 0.0, 0.4, 0.1875]
0.17892979452054797
[[ 9  3  0  4  3]
 [ 7  1  0  2  2]
 [ 3  1  0 11  1]
 [ 2  1  0  1  0]
 [ 0  0  0  0  1]]
[0.47368421052631576, 0.08333333333333333, 0.0, 0.25, 1.0]
0.3614035087719298
None None None None None
KNN: auprc and accuracy rate for the four test sets
0.6373724783008988
0.6215863671622052
0.19600988644717782
0.24695958524905898
None None None None
0.60431654676259 0.550561797752809 0.13618677042801555 0.17307692307692307
KNN: auprc and accuracy rate for the four training sets
0.9241960854514666
None 0.8674157303370786
KNN-smote
[[ 783  180    5   45   55]
 [ 216  756    3   41   52]
 [   0    0 1068    0    0]
 [  11   11    2  987   57]
 [   4    0    0   26 1038]]
[0.7331460674157303, 0.7078651685393258, 1.0, 0.9241573033707865, 0.9719101123595506]
0.8674157303370785
[[62 30  2  4  5]
 [37 66  1  8  2]
 [ 1  0  3  0  0]
 [ 1  1  0 28  6]
 [ 2  0  0 10  9]]
[0.6019417475728155, 0.5789473684210527, 0.75, 0.7777777777777778, 0.42857142857142855]
0.6274476644686149
[[157 100   1  20  18]
 [ 62 114   0  14  21]
 [  1   0   4   0   0]
 [  6   3   0  45  15]
 [  6   3   0  10  23]]
[0.5304054054054054, 0.5402843601895735, 0.8, 0.6521739130434783, 0.5476190476190477]
0.614096545251501
[[12 11  2 10 38]
 [14  1  0 18 31]
 [17 15  2  5 10]
 [11 23  0 13  8]
 [ 1  4  0  4  7]]
[0.1643835616438356, 0.015625, 0.04081632653061224, 0.23636363636363636, 0.4375]
0.17893770490761685
[[4 3 0 4 8]
 [6 2 0 2 2]
 [2 5 1 5 3]
 [2 1 0 1 0]
 [0 0 0 0 1]]
[0.21052631578947367, 0.16666666666666666, 0.0625, 0.25, 1.0]
0.3379385964912281
None None None None None
