/scratch/user/zhoufangtong/.conda/envs/zft/lib/python3.6/site-packages/sklearn/ensemble/weight_boosting.py:29: DeprecationWarning: numpy.core.umath_tests is an internal NumPy module and should not be imported. It will be removed in a future NumPy release.
  from numpy.core.umath_tests import inner1d
(3711, 512) (3711, 512)
(623,) (257,) (52,) (5285,) (5285,) (278,)
KNN: auprc and accuracy rate for the four test sets
0.6888080499299216
0.5994667639957029
0.21712416205130342
0.24043413303243028
None None None None
0.6366906474820144 0.6179775280898876 0.17898832684824903 0.1346153846153846
KNN: auprc and accuracy rate for the four training sets
0.8971549510598196
None 0.833112582781457
KNN-re
[[ 776  149    7   63   62]
 [ 266  678    3   62   48]
 [   0    0 1057    0    0]
 [  16   19    1  871  150]
 [   3    0    3   30 1021]]
[0.7341532639545885, 0.641438032166509, 1.0, 0.8240302743614002, 0.9659413434247871]
0.833112582781457
[[81 19  3  5  6]
 [34 48  2  7 12]
 [ 1  0  2  0  0]
 [ 1  1  1 34  2]
 [ 2  0  0  5 12]]
[0.7105263157894737, 0.46601941747572817, 0.6666666666666666, 0.8717948717948718, 0.631578947368421]
0.6693172438190322
[[209  48   1  17  21]
 [ 70 110   0  14  17]
 [  1   0   4   0   0]
 [  7   2   1  40  19]
 [  4   3   0  13  22]]
[0.706081081081081, 0.5213270142180095, 0.8, 0.5797101449275363, 0.5238095238095238]
0.6261855528072301
[[12 16  0 14 31]
 [ 8  4  0 21 31]
 [10 25  0  5  9]
 [12 15  0 26  2]
 [ 2  5  0  5  4]]
[0.1643835616438356, 0.0625, 0.0, 0.4727272727272727, 0.25]
0.18992216687422164
[[2 8 0 5 4]
 [4 2 0 3 3]
 [2 5 0 6 3]
 [2 0 0 2 0]
 [0 0 0 0 1]]
[0.10526315789473684, 0.16666666666666666, 0.0, 0.5, 1.0]
0.3543859649122807
None None None None None
KNN: auprc and accuracy rate for the four test sets
0.6276689352083165
0.6469182222197206
0.2061348962201653
0.2549084730584277
None None None None
0.6223021582733813 0.608346709470305 0.17509727626459143 0.17307692307692307
KNN: auprc and accuracy rate for the four training sets
0.9126844202399782
None 0.8510879848628193
KNN-smote
[[ 752  168    7   68   62]
 [ 233  712    3   61   48]
 [   0    0 1057    0    0]
 [   7   20    2  940   88]
 [   1    1    0   18 1037]]
[0.7114474929044465, 0.67360454115421, 1.0, 0.8893093661305582, 0.9810785241248817]
0.8510879848628192
[[79 18  3  6  8]
 [35 49  2  7 10]
 [ 1  0  2  0  0]
 [ 2  0  0 31  6]
 [ 1  0  0  6 12]]
[0.6929824561403509, 0.47572815533980584, 0.6666666666666666, 0.7948717948717948, 0.631578947368421]
0.6523656040774078
[[202  50   1  21  22]
 [ 66 107   0  18  20]
 [  1   0   4   0   0]
 [  6   2   0  43  18]
 [  5   2   0  12  23]]
[0.6824324324324325, 0.5071090047393365, 0.8, 0.6231884057971014, 0.5476190476190477]
0.6320697781175836
[[ 8  8  2 17 38]
 [ 7  7  0 17 33]
 [ 1  3  2 31 12]
 [13 19  0 19  4]
 [ 2  3  0  2  9]]
[0.1095890410958904, 0.109375, 0.04081632653061224, 0.34545454545454546, 0.5625]
0.23354698261620963
[[ 2  4  0  6  7]
 [ 0  3  0  6  3]
 [ 0  1  1 11  3]
 [ 2  0  0  2  0]
 [ 0  0  0  0  1]]
[0.10526315789473684, 0.25, 0.0625, 0.5, 1.0]
0.38355263157894737
None None None None None
