/scratch/user/zhoufangtong/.conda/envs/zft/lib/python3.6/site-packages/sklearn/ensemble/weight_boosting.py:29: DeprecationWarning: numpy.core.umath_tests is an internal NumPy module and should not be imported. It will be removed in a future NumPy release.
  from numpy.core.umath_tests import inner1d
(3711, 512) (3711, 512)
SVM: auprc and accuracy rate for the four test sets
0.725800388153834
0.6631456500937473
0.22360714068568271
0.33691076599481046
None None None None
0.658273381294964 0.666131621187801 0.2490272373540856 0.23076923076923078
SVM: auprc and accuracy rate for the training set
0.9884374679866872
None 0.949808429118774
[[ 938   89    1    6   10]
 [ 108  918    0   10    8]
 [   0    0 1044    0    0]
 [   2    2    0 1016   24]
 [   0    0    0    2 1042]]
[[91 32  0  1  3]
 [34 58  0  1  1]
 [ 0  0  2  0  0]
 [ 2  7  0 24  6]
 [ 1  3  0  4  8]]
[[215  75   0   2   4]
 [ 62 140   0   7   2]
 [  0   1   4   0   0]
 [  6  13   0  41   9]
 [  9   8   0  10  15]]
[[ 0 73  0  0  0]
 [ 0 64  0  0  0]
 [ 0 49  0  0  0]
 [ 0 55  0  0  0]
 [ 0 16  0  0  0]]
[[ 0 19  0  0  0]
 [ 0 12  0  0  0]
 [ 0 16  0  0  0]
 [ 0  4  0  0  0]
 [ 0  1  0  0  0]]
None None None None None
SVM: auprc and accuracy rate for the four test sets
0.7213950838596267
0.6792984493890803
0.22621194698243344
0.33193666041267056
None None None None
0.658273381294964 0.6645264847512039 0.2490272373540856 0.23076923076923078
SVM: auprc and accuracy rate for the training set
0.9874486478012534
None 0.9475095785440613
[[ 925  104    1    6    8]
 [ 105  924    0    7    8]
 [   0    0 1044    0    0]
 [   2    4    0 1012   26]
 [   0    1    0    2 1041]]
[[88 35  0  1  3]
 [33 59  0  1  1]
 [ 0  0  2  0  0]
 [ 2  6  0 26  5]
 [ 1  4  0  3  8]]
[[219  70   0   2   5]
 [ 62 139   0   8   2]
 [  0   1   4   0   0]
 [  7  14   0  37  11]
 [  9   8   0  10  15]]
[[ 0 73  0  0  0]
 [ 0 64  0  0  0]
 [ 0 49  0  0  0]
 [ 0 55  0  0  0]
 [ 0 16  0  0  0]]
[[ 0 19  0  0  0]
 [ 0 12  0  0  0]
 [ 0 16  0  0  0]
 [ 0  4  0  0  0]
 [ 0  1  0  0  0]]
None None None None None
RF: auprc and accuracy rate for the four test sets
0.7884692568821305
0.7160187976336808
0.275581327133923
0.30806757000645707
None None None None
0.6798561151079137 0.6757624398073836 0.32684824902723736 0.3076923076923077
RF: auprc and accuracy rate for the four training sets
1.0
None 1.0
[[1044    0    0    0    0]
 [   0 1044    0    0    0]
 [   0    0 1044    0    0]
 [   0    0    0 1044    0]
 [   0    0    0    0 1044]]
[[91 31  0  2  3]
 [30 58  0  4  2]
 [ 0  0  2  0  0]
 [ 2  3  0 31  3]
 [ 2  2  0  5  7]]
[[221  64   0   7   4]
 [ 64 132   0  12   3]
 [  0   0   5   0   0]
 [  7   9   0  46   7]
 [ 10   3   0  12  17]]
[[26 46  0  1  0]
 [ 4 57  0  3  0]
 [11 36  0  2  0]
 [11 42  0  1  1]
 [ 4 12  0  0  0]]
[[ 4 15  0  0  0]
 [ 0 12  0  0  0]
 [ 2 11  0  3  0]
 [ 0  4  0  0  0]
 [ 1  0  0  0  0]]
None None None None None
RF: auprc and accuracy rate for the four test sets
0.7839635134742147
0.7225985315424168
0.2927697338022179
0.3373683350808289
None None None None
0.6726618705035972 0.6709470304975923 0.2723735408560311 0.25
RF: auprc and accuracy rate for the four training sets
1.0
None 1.0
[[1044    0    0    0    0]
 [   0 1044    0    0    0]
 [   0    0 1044    0    0]
 [   0    0    0 1044    0]
 [   0    0    0    0 1044]]
[[91 29  0  4  3]
 [32 55  0  4  3]
 [ 0  0  2  0  0]
 [ 1  3  0 30  5]
 [ 1  1  0  5  9]]
[[217  64   0   5  10]
 [ 59 133   0  15   4]
 [  0   0   5   0   0]
 [  5  10   0  44  10]
 [  7   3   0  13  19]]
[[15 56  0  1  1]
 [ 0 53  0  5  6]
 [17 30  0  2  0]
 [ 0 51  0  1  3]
 [ 2 13  0  0  1]]
[[ 2 16  0  0  1]
 [ 1 10  0  1  0]
 [ 3 10  0  3  0]
 [ 0  4  0  0  0]
 [ 0  0  0  0  1]]
None None None None None
KNN: auprc and accuracy rate for the four test sets
0.6191926483349287
0.632347534446548
0.21083515330333563
0.24910331476347808
None None None None
0.6330935251798561 0.5762439807383628 0.17120622568093385 0.17307692307692307
KNN: auprc and accuracy rate for the four training sets
0.9396754462689794
None 0.8923371647509578
[[ 811  167    2   33   31]
 [ 190  786    2   37   29]
 [   0    0 1044    0    0]
 [  11   17    1  977   38]
 [   0    0    0    4 1040]]
[[78 35  3  4  7]
 [27 56  0  7  4]
 [ 0  0  2  0  0]
 [ 1  2  0 28  8]
 [ 1  0  1  2 12]]
[[161 110   0  13  12]
 [ 66 124   0  12   9]
 [  0   0   5   0   0]
 [  6   2   0  46  15]
 [  1   4   0  14  23]]
[[18 15  0 20 20]
 [19  5  0 25 15]
 [ 5  6  0  6 32]
 [ 3 33  0 17  2]
 [ 0  8  0  4  4]]
[[6 6 0 2 5]
 [2 1 0 3 6]
 [1 2 0 6 7]
 [0 3 0 1 0]
 [0 0 0 0 1]]
None None None None None
KNN: auprc and accuracy rate for the four test sets
0.6830876396164582
0.6414553744039514
0.19891424495271226
0.2315987039320951
None None None None
0.6330935251798561 0.5874799357945425 0.14396887159533073 0.11538461538461539
KNN: auprc and accuracy rate for the four training sets
0.9417448118402614
None 0.8959770114942529
[[ 793  174    4   40   33]
 [ 169  813    4   27   31]
 [   0    0 1044    0    0]
 [  10   11    0  991   32]
 [   1    2    0    5 1036]]
[[79 34  3  4  7]
 [26 58  0  5  5]
 [ 0  0  2  0  0]
 [ 2  3  0 25  9]
 [ 1  0  1  2 12]]
[[161  99   1  17  18]
 [ 56 130   0  13  12]
 [  0   0   5   0   0]
 [  6   4   0  46  13]
 [  1   4   0  13  24]]
[[14 15  2  9 33]
 [12 12  0 13 27]
 [ 6  3  0 27 13]
 [ 4 41  0  7  3]
 [ 0  8  0  4  4]]
[[2 8 0 4 5]
 [2 3 0 5 2]
 [1 1 0 8 6]
 [0 4 0 0 0]
 [0 0 0 0 1]]
None None None None None
/scratch/user/zhoufangtong/.conda/envs/zft/lib/python3.6/site-packages/sklearn/ensemble/weight_boosting.py:29: DeprecationWarning: numpy.core.umath_tests is an internal NumPy module and should not be imported. It will be removed in a future NumPy release.
  from numpy.core.umath_tests import inner1d
(3711, 512) (3711, 512)
SVM: auprc and accuracy rate for the four test sets
0.676551264602473
0.6631376595304618
0.21322787022641232
0.3110661770871658
None None None None
0.7230215827338129 0.6548956661316212 0.2490272373540856 0.23076923076923078
SVM: auprc and accuracy rate for the training set
0.9888315086074104
None 0.9452991452991453
[[ 942   92    1    7   11]
 [ 117  922    0    5    9]
 [   0    0 1053    0    0]
 [   0    8    0 1007   38]
 [   0    0    0    0 1053]]
[[85 30  0  2  1]
 [20 83  0  2  3]
 [ 0  0  1  1  0]
 [ 4  3  0 25  2]
 [ 1  3  0  5  7]]
[[209  79   0   3   5]
 [ 59 141   0   8   3]
 [  0   1   4   0   0]
 [  6  13   0  39  11]
 [  9   7   0  11  15]]
[[ 0 73  0  0  0]
 [ 0 64  0  0  0]
 [ 0 49  0  0  0]
 [ 0 55  0  0  0]
 [ 0 16  0  0  0]]
[[ 0 19  0  0  0]
 [ 0 12  0  0  0]
 [ 0 16  0  0  0]
 [ 0  4  0  0  0]
 [ 0  1  0  0  0]]
None None None None None
SVM: auprc and accuracy rate for the four test sets
0.6695916769968222
0.674390063724017
0.19979770817106887
0.3094571955397193
None None None None
0.7194244604316546 0.6532905296950241 0.2490272373540856 0.23076923076923078
SVM: auprc and accuracy rate for the training set
0.9885986976646175
None 0.9479582146248813
[[ 932  107    1    7    6]
 [ 105  930    0    6   12]
 [   0    0 1053    0    0]
 [   2    8    0 1025   18]
 [   0    1    0    1 1051]]
[[82 32  0  3  1]
 [19 84  0  2  3]
 [ 0  0  1  1  0]
 [ 5  3  0 25  1]
 [ 1  1  0  6  8]]
[[206  80   0   4   6]
 [ 60 140   0   8   3]
 [  0   1   4   0   0]
 [  7  13   0  41   8]
 [  9   6   0  11  16]]
[[ 0 73  0  0  0]
 [ 0 64  0  0  0]
 [ 0 49  0  0  0]
 [ 0 55  0  0  0]
 [ 0 16  0  0  0]]
[[ 0 19  0  0  0]
 [ 0 12  0  0  0]
 [ 0 16  0  0  0]
 [ 0  4  0  0  0]
 [ 0  1  0  0  0]]
None None None None None
RF: auprc and accuracy rate for the four test sets
0.7147716889291622
0.7143388633862978
0.2607910461092975
0.32991146170293983
None None None None
0.7158273381294964 0.6613162118780096 0.2918287937743191 0.21153846153846154
RF: auprc and accuracy rate for the four training sets
1.0
None 1.0
[[1053    0    0    0    0]
 [   0 1053    0    0    0]
 [   0    0 1053    0    0]
 [   0    0    0 1053    0]
 [   0    0    0    0 1053]]
[[89 22  0  5  2]
 [23 77  0  7  1]
 [ 0  0  1  1  0]
 [ 3  3  1 24  3]
 [ 1  1  0  6  8]]
[[219  66   0   5   6]
 [ 65 128   0  14   4]
 [  0   0   5   0   0]
 [  7   9   0  44   9]
 [  9   3   0  14  16]]
[[22 50  0  1  0]
 [ 8 52  0  4  0]
 [13 34  0  2  0]
 [ 6 48  0  1  0]
 [ 4 12  0  0  0]]
[[ 2 17  0  0  0]
 [ 3  9  0  0  0]
 [ 4 11  0  1  0]
 [ 0  4  0  0  0]
 [ 1  0  0  0  0]]
None None None None None
RF: auprc and accuracy rate for the four test sets
0.7286476684211125
0.7135444725456619
0.27871475942272306
0.45055651918832246
None None None None
0.7302158273381295 0.6548956661316212 0.29961089494163423 0.19230769230769232
RF: auprc and accuracy rate for the four training sets
1.0
None 1.0
[[1053    0    0    0    0]
 [   0 1053    0    0    0]
 [   0    0 1053    0    0]
 [   0    0    0 1053    0]
 [   0    0    0    0 1053]]
[[84 26  0  6  2]
 [18 83  0  5  2]
 [ 0  0  1  1  0]
 [ 3  3  0 26  2]
 [ 1  1  0  5  9]]
[[212  68   0   6  10]
 [ 59 132   0  15   5]
 [  0   0   5   0   0]
 [  8   8   0  44   9]
 [  8   3   0  16  15]]
[[23 49  0  1  0]
 [ 4 53  0  4  3]
 [13 34  0  2  0]
 [ 7 44  0  1  3]
 [ 2 13  0  1  0]]
[[ 1 17  0  0  1]
 [ 4  8  0  0  0]
 [ 3 10  0  3  0]
 [ 0  4  0  0  0]
 [ 0  0  0  0  1]]
None None None None None
KNN: auprc and accuracy rate for the four test sets
0.5913706343550781
0.6162402411168555
0.1980579011871692
0.22379806620468762
None None None None
0.6834532374100719 0.5617977528089888 0.16731517509727625 0.1346153846153846
KNN: auprc and accuracy rate for the four training sets
0.9371740882951762
None 0.8892687559354227
[[ 797  183    5   33   35]
 [ 199  796    1   30   27]
 [   0    0 1053    0    0]
 [  10    7    1  985   50]
 [   0    0    0    2 1051]]
[[82 27  0  5  4]
 [18 72  0 10  8]
 [ 0  0  1  1  0]
 [ 2  0  1 25  6]
 [ 1  0  0  5 10]]
[[158 110   1  15  12]
 [ 61 125   0  14  11]
 [  0   0   5   0   0]
 [  8   3   1  39  18]
 [  0   4   0  15  23]]
[[22 13  0 18 20]
 [22  3  0 26 13]
 [10  3  0  7 29]
 [17 22  0 14  2]
 [ 3  6  0  3  4]]
[[4 5 0 4 6]
 [3 0 0 4 5]
 [2 2 0 6 6]
 [2 0 0 2 0]
 [0 0 0 0 1]]
None None None None None
KNN: auprc and accuracy rate for the four test sets
0.6054778956276479
0.6199336061115966
0.19654997961583817
0.2203954015254325
None None None None
0.6798561151079137 0.5778491171749599 0.1517509727626459 0.15384615384615385
KNN: auprc and accuracy rate for the four training sets
0.942086681814887
None 0.8974358974358975
[[ 780  198    7   30   38]
 [ 158  837    4   30   24]
 [   0    0 1053    0    0]
 [  12    4    0 1008   29]
 [   1    0    0    5 1047]]
[[77 29  0  7  5]
 [16 77  0  7  8]
 [ 0  0  1  1  0]
 [ 3  2  0 26  3]
 [ 0  0  0  8  8]]
[[157 106   1  18  14]
 [ 57 128   0  13  13]
 [  0   0   5   0   0]
 [  7   2   0  44  16]
 [  0   4   0  12  26]]
[[15  8  2 17 31]
 [20  3  0 18 23]
 [ 6  1  0  9 33]
 [12 24  0 17  2]
 [ 2  5  0  5  4]]
[[4 4 0 4 7]
 [3 1 0 3 5]
 [1 1 0 6 8]
 [2 0 0 2 0]
 [0 0 0 0 1]]
None None None None None
/scratch/user/zhoufangtong/.conda/envs/zft/lib/python3.6/site-packages/sklearn/ensemble/weight_boosting.py:29: DeprecationWarning: numpy.core.umath_tests is an internal NumPy module and should not be imported. It will be removed in a future NumPy release.
  from numpy.core.umath_tests import inner1d
(3711, 512) (3711, 512)
SVM: auprc and accuracy rate for the four test sets
0.7581937739964661
0.6534966433921416
0.21413159077520277
0.27062110223550356
None None None None
0.6834532374100719 0.6597110754414125 0.2490272373540856 0.23076923076923078
SVM: auprc and accuracy rate for the training set
1.0
None 0.9998130841121495
[[1069    1    0    0    0]
 [   0 1070    0    0    0]
 [   0    0 1070    0    0]
 [   0    0    0 1070    0]
 [   0    0    0    0 1070]]
[[73 28  0  0  0]
 [29 69  0  3  0]
 [ 0  0  2  0  0]
 [ 4  9  0 34  5]
 [ 2  4  0  4 12]]
[[217  74   0   4   1]
 [ 71 135   0   4   1]
 [  0   1   4   0   0]
 [  9  15   0  40   5]
 [ 11   7   0   9  15]]
[[ 0 73  0  0  0]
 [ 0 64  0  0  0]
 [ 0 49  0  0  0]
 [ 0 55  0  0  0]
 [ 0 16  0  0  0]]
[[ 0 19  0  0  0]
 [ 0 12  0  0  0]
 [ 0 16  0  0  0]
 [ 0  4  0  0  0]
 [ 0  1  0  0  0]]
None None None None None
SVM: auprc and accuracy rate for the four test sets
0.774226100216815
0.6702679990574283
0.22114056827945236
0.2874358872380467
None None None None
0.6798561151079137 0.6629213483146067 0.2490272373540856 0.23076923076923078
SVM: auprc and accuracy rate for the training set
0.9999993020639444
None 0.9994392523364486
[[1069    1    0    0    0]
 [   2 1068    0    0    0]
 [   0    0 1070    0    0]
 [   0    0    0 1070    0]
 [   0    0    0    0 1070]]
[[74 27  0  0  0]
 [29 68  0  4  0]
 [ 0  0  2  0  0]
 [ 3 10  0 33  6]
 [ 2  4  0  4 12]]
[[219  72   0   4   1]
 [ 69 135   0   6   1]
 [  0   1   4   0   0]
 [  6  15   0  40   8]
 [ 11   7   0   9  15]]
[[ 0 73  0  0  0]
 [ 0 64  0  0  0]
 [ 0 49  0  0  0]
 [ 0 55  0  0  0]
 [ 0 16  0  0  0]]
[[ 0 19  0  0  0]
 [ 0 12  0  0  0]
 [ 0 16  0  0  0]
 [ 0  4  0  0  0]
 [ 0  1  0  0  0]]
None None None None None
RF: auprc and accuracy rate for the four test sets
0.838901630437188
0.7263416510291735
0.27345786506615155
0.33071275759573643
None None None None
0.7122302158273381 0.6725521669341894 0.3035019455252918 0.23076923076923078
RF: auprc and accuracy rate for the four training sets
1.0
None 1.0
[[1070    0    0    0    0]
 [   0 1070    0    0    0]
 [   0    0 1070    0    0]
 [   0    0    0 1070    0]
 [   0    0    0    0 1070]]
[[78 20  0  1  2]
 [29 68  0  4  0]
 [ 0  0  2  0  0]
 [ 3  5  0 39  5]
 [ 3  1  0  7 11]]
[[222  62   0   7   5]
 [ 65 133   0  11   2]
 [  0   0   5   0   0]
 [  7  10   0  42  10]
 [ 10   3   0  12  17]]
[[23 50  0  0  0]
 [ 6 55  0  3  0]
 [26 21  0  2  0]
 [ 4 50  0  0  1]
 [ 1 15  0  0  0]]
[[ 3 16  0  0  0]
 [ 3  9  0  0  0]
 [ 7  6  0  3  0]
 [ 2  2  0  0  0]
 [ 1  0  0  0  0]]
None None None None None
RF: auprc and accuracy rate for the four test sets
0.8368528817462643
0.7233052690613332
0.2670395880821723
0.3063441750555297
None None None None
0.7194244604316546 0.6597110754414125 0.29571984435797666 0.21153846153846154
RF: auprc and accuracy rate for the four training sets
1.0
None 1.0
[[1070    0    0    0    0]
 [   0 1070    0    0    0]
 [   0    0 1070    0    0]
 [   0    0    0 1070    0]
 [   0    0    0    0 1070]]
[[78 19  0  1  3]
 [28 68  0  5  0]
 [ 0  0  2  0  0]
 [ 1  5  0 39  7]
 [ 2  1  0  6 13]]
[[215  67   0   6   8]
 [ 62 131   0  14   4]
 [  0   0   5   0   0]
 [  5  10   0  44  10]
 [ 11   3   0  12  16]]
[[21 50  0  0  2]
 [ 4 54  0  4  2]
 [21 23  0  5  0]
 [ 1 51  0  1  2]
 [ 0 16  0  0  0]]
[[ 2 16  0  0  1]
 [ 4  8  0  0  0]
 [ 6  6  0  3  1]
 [ 1  3  0  0  0]
 [ 0  0  0  0  1]]
None None None None None
KNN: auprc and accuracy rate for the four test sets
0.667968025494299
0.6175496103829022
0.19977534396517643
0.21416936572199727
None None None None
0.6942446043165468 0.6468699839486356 0.16731517509727625 0.21153846153846154
KNN: auprc and accuracy rate for the four training sets
0.9673055993899681
None 0.9362616822429907
[[ 901  125    2   21   21]
 [ 131  910    1   16   12]
 [   0    0 1070    0    0]
 [   1    1    0 1058   10]
 [   0    0    0    0 1070]]
[[74 21  1  3  2]
 [28 65  0  5  3]
 [ 0  0  2  0  0]
 [ 1  7  0 40  4]
 [ 4  1  0  5 12]]
[[207  68   0  11  10]
 [ 69 123   0  13   6]
 [  0   0   5   0   0]
 [  8   3   0  45  13]
 [  2   5   0  12  23]]
[[15 24  0 22 12]
 [25  3  0 27  9]
 [19  1  0 21  8]
 [28  5  0 21  1]
 [ 7  1  0  4  4]]
[[8 9 0 1 1]
 [6 2 0 4 0]
 [3 1 0 9 3]
 [2 1 0 1 0]
 [1 0 0 0 0]]
None None None None None
KNN: auprc and accuracy rate for the four test sets
0.6881405313270474
0.6145153995559334
0.20061826485056167
0.22480335454019668
None None None None
0.6762589928057554 0.6388443017656501 0.16731517509727625 0.19230769230769232
KNN: auprc and accuracy rate for the four training sets
0.9662774482325791
None 0.9306542056074766
[[ 888  136    3   25   18]
 [ 132  897    2   22   17]
 [   0    0 1070    0    0]
 [   2    1    0 1055   12]
 [   1    0    0    0 1069]]
[[68 22  1  3  7]
 [26 67  0  3  5]
 [ 0  0  2  0  0]
 [ 1  4  0 38  9]
 [ 2  2  0  5 13]]
[[209  61   0  13  13]
 [ 66 121   0  13  11]
 [  0   0   5   0   0]
 [  7   3   0  42  17]
 [  6   4   0  11  21]]
[[17 17  2  8 29]
 [25  6  0 11 22]
 [14  2  1 25  7]
 [38  1  0 15  1]
 [ 9  2  0  1  4]]
[[ 6  5  0  2  6]
 [ 2  3  0  6  1]
 [ 2  1  0 10  3]
 [ 2  1  0  1  0]
 [ 1  0  0  0  0]]
None None None None None
