/scratch/user/zhoufangtong/.conda/envs/zft/lib/python3.6/site-packages/sklearn/ensemble/weight_boosting.py:29: DeprecationWarning: numpy.core.umath_tests is an internal NumPy module and should not be imported. It will be removed in a future NumPy release.
  from numpy.core.umath_tests import inner1d
(3711, 512) (3711, 512)
(623,) (257,) (52,) (5270,) (5270,) (278,)
SVM: auprc and accuracy rate for the four test sets
0.7255131662336165
0.6623302681659655
0.20887570138558548
0.2700232751105276
None None None None
0.6906474820143885 0.6532905296950241 0.2490272373540856 0.23076923076923078
SVM: auprc and accuracy rate for the training set
1.0
None 1.0
SVM-re
[[1054    0    0    0    0]
 [   0 1054    0    0    0]
 [   0    0 1054    0    0]
 [   0    0    0 1054    0]
 [   0    0    0    0 1054]]
[1.0, 1.0, 1.0, 1.0, 1.0]
1.0
[[85 28  0  4  0]
 [24 58  0  1  1]
 [ 0  0  3  0  0]
 [ 6  7  0 41  4]
 [ 4  3  0  4  5]]
[0.7264957264957265, 0.6904761904761905, 1.0, 0.7068965517241379, 0.3125]
0.687273693739211
[[214  76   0   3   3]
 [ 68 135   0   6   2]
 [  0   1   4   0   0]
 [  9  16   0  39   5]
 [ 11   7   0   9  15]]
[0.722972972972973, 0.6398104265402843, 0.8, 0.5652173913043478, 0.35714285714285715]
0.6170287295920924
[[ 0 73  0  0  0]
 [ 0 64  0  0  0]
 [ 0 49  0  0  0]
 [ 0 55  0  0  0]
 [ 0 16  0  0  0]]
[0.0, 1.0, 0.0, 0.0, 0.0]
0.2
[[ 0 19  0  0  0]
 [ 0 12  0  0  0]
 [ 0 16  0  0  0]
 [ 0  4  0  0  0]
 [ 0  1  0  0  0]]
[0.0, 1.0, 0.0, 0.0, 0.0]
0.2
None None None None None
SVM: auprc and accuracy rate for the four test sets
0.7373608774397393
0.6838926483353355
0.23678782784540356
0.29365628030353574
None None None None
0.6834532374100719 0.651685393258427 0.2490272373540856 0.23076923076923078
SVM: auprc and accuracy rate for the training set
0.9999996402780651
None 0.9996204933586338
SVM-smote
[[1054    0    0    0    0]
 [   2 1052    0    0    0]
 [   0    0 1054    0    0]
 [   0    0    0 1054    0]
 [   0    0    0    0 1054]]
[1.0, 0.9981024667931688, 1.0, 1.0, 1.0]
0.9996204933586338
[[84 29  0  4  0]
 [26 56  0  0  2]
 [ 0  0  3  0  0]
 [ 6  6  0 42  4]
 [ 4  3  0  4  5]]
[0.717948717948718, 0.6666666666666666, 1.0, 0.7241379310344828, 0.3125]
0.6842506631299734
[[214  75   0   3   4]
 [ 68 133   0   8   2]
 [  0   1   4   0   0]
 [  9  15   0  40   5]
 [ 11   6   0  10  15]]
[0.722972972972973, 0.6303317535545023, 0.8, 0.5797101449275363, 0.35714285714285715]
0.6180315457195737
[[ 0 73  0  0  0]
 [ 0 64  0  0  0]
 [ 0 49  0  0  0]
 [ 0 55  0  0  0]
 [ 0 16  0  0  0]]
[0.0, 1.0, 0.0, 0.0, 0.0]
0.2
[[ 0 19  0  0  0]
 [ 0 12  0  0  0]
 [ 0 16  0  0  0]
 [ 0  4  0  0  0]
 [ 0  1  0  0  0]]
[0.0, 1.0, 0.0, 0.0, 0.0]
0.2
None None None None None
RF: auprc and accuracy rate for the four test sets
0.7016184597148832
0.659888595580828
0.29356072084490414
0.46166717746404373
None None None None
0.5719424460431655 0.5858747993579454 0.4046692607003891 0.28846153846153844
RF: auprc and accuracy rate for the four training sets
0.8895913605687424
None 0.8328273244781784
RF-re
[[ 643  242    2   66  101]
 [ 177  731    2   85   59]
 [   0    0 1054    0    0]
 [  13   22    0  928   91]
 [   0    8    0   13 1033]]
[0.610056925996205, 0.6935483870967742, 1.0, 0.8804554079696395, 0.9800759013282733]
0.8328273244781783
[[57 35  0 10 15]
 [20 51  0  7  6]
 [ 0  0  3  0  0]
 [ 3  1  0 40 14]
 [ 0  1  0  7  8]]
[0.48717948717948717, 0.6071428571428571, 1.0, 0.6896551724137931, 0.5]
0.6567955033472275
[[186  56   0  33  21]
 [ 64 114   0  16  17]
 [  0   0   5   0   0]
 [  6   3   0  41  19]
 [  5   1   0  17  19]]
[0.6283783783783784, 0.5402843601895735, 1.0, 0.5942028985507246, 0.4523809523809524]
0.6430493178999258
[[22 41  0  8  2]
 [ 1 51  0  5  7]
 [13 32  0  4  0]
 [ 0 22  0 30  3]
 [ 2  4  0  9  1]]
[0.3013698630136986, 0.796875, 0.0, 0.5454545454545454, 0.0625]
0.34123988169364877
[[ 2 15  0  1  1]
 [ 0  9  0  2  1]
 [ 3  7  0  6  0]
 [ 0  1  0  3  0]
 [ 0  0  0  0  1]]
[0.10526315789473684, 0.75, 0.0, 0.75, 1.0]
0.5210526315789473
None None None None None
RF: auprc and accuracy rate for the four test sets
0.6796087425020712
0.6750887341139123
0.2705317015984221
0.3365436554301232
None None None None
0.5539568345323741 0.6067415730337079 0.3151750972762646 0.23076923076923078
RF: auprc and accuracy rate for the four training sets
0.8903485091268161
None 0.8258064516129032
RF-smote
[[ 649  236    2   71   96]
 [ 172  748    2   68   64]
 [   0    0 1053    1    0]
 [  14   28    3  896  113]
 [   6    6    0   36 1006]]
[0.6157495256166983, 0.7096774193548387, 0.9990512333965844, 0.8500948766603416, 0.9544592030360531]
0.8258064516129032
[[52 39  0 10 16]
 [21 50  0  5  8]
 [ 0  0  3  0  0]
 [ 3  1  1 40 13]
 [ 0  1  0  6  9]]
[0.4444444444444444, 0.5952380952380952, 1.0, 0.6896551724137931, 0.5625]
0.6583675424192665
[[193  61   0  20  22]
 [ 53 120   0  16  22]
 [  0   0   5   0   0]
 [  8   4   0  40  17]
 [  4   3   0  15  20]]
[0.652027027027027, 0.5687203791469194, 1.0, 0.5797101449275363, 0.47619047619047616]
0.6553296054583917
[[13 51  0  5  4]
 [ 0 46  0  3 15]
 [12 29  0  8  0]
 [ 1 21  0 14 19]
 [ 0  3  0  5  8]]
[0.1780821917808219, 0.71875, 0.0, 0.2545454545454545, 0.5]
0.33027552926525533
[[ 2 15  0  1  1]
 [ 0  9  0  1  2]
 [ 3  6  0  6  1]
 [ 0  2  0  0  2]
 [ 0  0  0  0  1]]
[0.10526315789473684, 0.75, 0.0, 0.0, 1.0]
0.37105263157894736
None None None None None
KNN: auprc and accuracy rate for the four test sets
0.6336623801470842
0.5951947945854321
0.20837202374303782
0.2205493702204228
None None None None
0.6366906474820144 0.6404494382022472 0.21011673151750973 0.17307692307692307
KNN: auprc and accuracy rate for the four training sets
0.9640097425888398
None 0.9307400379506642
KNN-re
[[ 880  127    1   25   21]
 [ 151  875    1   15   12]
 [   0    0 1054    0    0]
 [   4    2    0 1042    6]
 [   0    0    0    0 1054]]
[0.8349146110056926, 0.8301707779886148, 1.0, 0.9886148007590133, 1.0]
0.9307400379506643
[[76 32  0  5  4]
 [29 48  0  4  3]
 [ 0  0  3  0  0]
 [ 2  4  1 43  8]
 [ 1  2  0  6  7]]
[0.6495726495726496, 0.5714285714285714, 1.0, 0.7413793103448276, 0.4375]
0.6799761062692097
[[208  66   0  11  11]
 [ 69 119   0  15   8]
 [  0   0   5   0   0]
 [  8   3   0  45  13]
 [  0   6   0  14  22]]
[0.7027027027027027, 0.5639810426540285, 1.0, 0.6521739130434783, 0.5238095238095238]
0.6885334364419468
[[20 15  0 19 19]
 [14 13  0 25 12]
 [20  3  0  6 20]
 [ 4 34  0 16  1]
 [ 1  8  0  2  5]]
[0.273972602739726, 0.203125, 0.0, 0.2909090909090909, 0.3125]
0.21610133872976336
[[ 5 10  0  0  4]
 [ 5  2  0  3  2]
 [ 3  1  0  6  6]
 [ 0  3  0  1  0]
 [ 0  0  0  0  1]]
[0.2631578947368421, 0.16666666666666666, 0.0, 0.25, 1.0]
0.33596491228070174
None None None None None
KNN: auprc and accuracy rate for the four test sets
0.6411233229504366
0.5863010593984171
0.2002602197967172
0.21205049823470876
None None None None
0.6330935251798561 0.6308186195826645 0.1556420233463035 0.17307692307692307
KNN: auprc and accuracy rate for the four training sets
0.9636905742859622
None 0.9299810246679316
KNN-smote
[[ 868  139    2   27   18]
 [ 139  885    2   14   14]
 [   0    0 1054    0    0]
 [   3    0    0 1043    8]
 [   0    1    0    2 1051]]
[0.8235294117647058, 0.8396584440227703, 1.0, 0.9895635673624289, 0.9971537001897534]
0.9299810246679318
[[73 34  0  2  8]
 [27 49  0  5  3]
 [ 0  0  3  0  0]
 [ 4  2  0 44  8]
 [ 2  2  0  5  7]]
[0.6239316239316239, 0.5833333333333334, 1.0, 0.7586206896551724, 0.4375]
0.680677129384026
[[201  70   0  13  12]
 [ 64 121   0  16  10]
 [  0   0   5   0   0]
 [  8   4   0  42  15]
 [  2   3   0  13  24]]
[0.6790540540540541, 0.5734597156398105, 1.0, 0.6086956521739131, 0.5714285714285714]
0.6865275986592698
[[19 10  2 16 26]
 [20  6  0 15 23]
 [17  0  0 10 22]
 [10 34  0 10  1]
 [ 4  5  0  2  5]]
[0.2602739726027397, 0.09375, 0.0, 0.18181818181818182, 0.3125]
0.16966843088418432
[[6 5 0 1 7]
 [6 1 0 3 2]
 [3 0 0 4 9]
 [0 3 0 1 0]
 [0 0 0 0 1]]
[0.3157894736842105, 0.08333333333333333, 0.0, 0.25, 1.0]
0.3298245614035088
None None None None None
