/scratch/user/zhoufangtong/.conda/envs/zft/lib/python3.6/site-packages/sklearn/ensemble/weight_boosting.py:29: DeprecationWarning: numpy.core.umath_tests is an internal NumPy module and should not be imported. It will be removed in a future NumPy release.
  from numpy.core.umath_tests import inner1d
(3711, 512) (3711, 512)
0.4200247021501107
0.2914516982522412
0.2
0.2
None None None None
0.4352517985611511 0.4751203852327448 0.2840466926070039 0.36538461538461536
1.0
None 1.0
[[121   0   0   0   0]
 [106   0   0   0   0]
 [  1   0   0   0   0]
 [ 33   0   0   0   0]
 [ 17   0   0   0   0]]
[[296   0   0   0   0]
 [211   0   0   0   0]
 [  5   0   0   0   0]
 [ 69   0   0   0   0]
 [ 42   0   0   0   0]]
[[73  0  0  0  0]
 [64  0  0  0  0]
 [49  0  0  0  0]
 [55  0  0  0  0]
 [16  0  0  0  0]]
[[19  0  0  0  0]
 [12  0  0  0  0]
 [16  0  0  0  0]
 [ 4  0  0  0  0]
 [ 1  0  0  0  0]]
None None None None
0.7774429706988009
0.6797646197118654
0.21140698161862387
0.31702346522185626
None None None None
0.6762589928057554 0.6532905296950241 0.2490272373540856 0.23076923076923078
1.0
None 0.9998095238095238
[[86 34  0  1  0]
 [33 71  0  2  0]
 [ 0  0  1  0  0]
 [ 1  4  0 23  5]
 [ 1  0  0  9  7]]
[[216  75   0   4   1]
 [ 73 131   0   6   1]
 [  0   1   4   0   0]
 [  9  12   0  42   6]
 [ 11   5   0  12  14]]
[[ 0 73  0  0  0]
 [ 0 64  0  0  0]
 [ 0 49  0  0  0]
 [ 0 55  0  0  0]
 [ 0 16  0  0  0]]
[[ 0 19  0  0  0]
 [ 0 12  0  0  0]
 [ 0 16  0  0  0]
 [ 0  4  0  0  0]
 [ 0  1  0  0  0]]
None None None None
0.8617103273721911
0.719172072146241
0.20807221931319742
0.3387534947576315
None None None None
0.7122302158273381 0.6597110754414125 0.2529182879377432 0.3269230769230769
1.0
None 1.0
[[94 23  0  4  0]
 [32 67  0  5  2]
 [ 0  0  1  0  0]
 [ 4  2  0 25  2]
 [ 0  0  0  6 11]]
[[218  68   0   6   4]
 [ 68 126   0  14   3]
 [  0   0   5   0   0]
 [  6   9   0  47   7]
 [ 10   3   0  14  15]]
[[18 55  0  0  0]
 [16 47  0  1  0]
 [19 27  0  3  0]
 [12 43  0  0  0]
 [ 5 11  0  0  0]]
[[ 6 13  0  0  0]
 [ 1 11  0  0  0]
 [ 6  7  0  3  0]
 [ 0  4  0  0  0]
 [ 1  0  0  0  0]]
None None None None
0.8543849874925051
0.7171353558733532
0.26507185508881875
0.36340463988179506
None None None None
0.6942446043165468 0.666131621187801 0.2723735408560311 0.2692307692307692
1.0
None 1.0
[[94 23  0  2  2]
 [34 63  0  7  2]
 [ 0  0  1  0  0]
 [ 2  3  0 26  2]
 [ 0  0  0  8  9]]
[[221  62   0   4   9]
 [ 63 129   0  13   6]
 [  0   0   5   0   0]
 [  7   9   0  44   9]
 [ 10   2   0  14  16]]
[[15 57  0  0  1]
 [ 1 55  0  3  5]
 [11 35  0  3  0]
 [ 2 49  0  0  4]
 [ 0 16  0  0  0]]
[[ 1 17  0  0  1]
 [ 1 11  0  0  0]
 [ 3  9  0  3  1]
 [ 0  3  0  1  0]
 [ 0  0  0  0  1]]
None None None None
0.6487149384660447
0.6010445347749591
0.19707647438966164
0.215673096769072
None None None None
0.6366906474820144 0.6565008025682183 0.14396887159533073 0.17307692307692307
0.9637426482977476
None 0.9297142857142857
[[82 30  1  5  3]
 [35 59  0  9  3]
 [ 0  0  1  0  0]
 [ 0  1  0 26  6]
 [ 0  0  0  8  9]]
[[210  68   0   9   9]
 [ 65 125   0  14   7]
 [  0   0   5   0   0]
 [  6   5   0  46  12]
 [  1   5   0  13  23]]
[[15 23  0 18 17]
 [23  6  0 25 10]
 [20  0  0 21  8]
 [17 25  0 12  1]
 [ 4  5  0  3  4]]
[[ 6 11  0  0  2]
 [ 6  2  0  3  1]
 [ 3  1  0  9  3]
 [ 0  3  0  1  0]
 [ 1  0  0  0  0]]
None None None None
0.6619083242946981
0.5999412138818727
0.19078514466317384
0.20736735285283384
None None None None
0.6510791366906474 0.6468699839486356 0.10116731517509728 0.11538461538461539
0.9651984183936241
None 0.9291428571428572
[[80 31  1  5  4]
 [31 65  0  4  6]
 [ 0  0  1  0  0]
 [ 2  1  0 26  4]
 [ 0  0  0  8  9]]
[[206  61   0  12  17]
 [ 58 132   0  13   8]
 [  0   0   5   0   0]
 [  9   3   0  41  16]
 [  5   4   0  14  19]]
[[ 8 21  2 14 28]
 [23  6  0 13 22]
 [15  0  0  8 26]
 [14 32  0  8  1]
 [ 3  7  0  2  4]]
[[3 8 0 2 6]
 [5 2 0 3 2]
 [3 0 0 6 7]
 [0 3 0 1 0]
 [1 0 0 0 0]]
None None None None
